0.6584705080054716
0.6447651009370846
0.6077649659106716
0.585268230075134
0.5496566003764897
0.5371744673089286
0.5324085045685513
0.5141556695143656
0.5235126845319725
0.5218665329468595
0.5206893862269328
0.5211255979160409
0.5354679892229142
0.5360719468459975
0.5340742883944934
0.5729995687012951
0.596725868126699
0.6393460078714117
0.639518136674064
0.6307721453972657
0.6035560704098969
0.5713829082003145
0.5434990983237521
0.5263002453288411
0.5225445785277006
0.5139847932892613
0.5304072342973674
0.5301393187420798
0.52932856020529
0.5348545463464454
0.5364102854639942
0.5385701587686079
0.5463185715589148
0.5862774457028846
0.6222062347847606
0.6425153385466378
